



   ---------------------------------------------------------------------------
     START OF THE SEQUENTIAL LEAST SQUARES PROGRAMMING ALGORIT  
   ---------------------------------------------------------------------------

     PARAMETERS:
        ACC =   0.1000D-05
        MAXITER =500
        IPRINT =   1
IOUT =  60


     ITER =    1     OBJ =  0.27238745E+01
     ITER =    2     OBJ =  0.49484565E+01
     ITER =    3     OBJ =  0.48765746E+01
     ITER =    4     OBJ =  0.48716369E+01
     ITER =    5     OBJ =  0.48697267E+01
     ITER =    6     OBJ =  0.48741604E+01
     ITER =    7     OBJ =  0.48745451E+01
     ITER =    8     OBJ =  0.48746333E+01
     ITER =    9     OBJ =  0.48748293E+01
     ITER =   10     OBJ =  0.48749372E+01
     ITER =   11     OBJ =  0.48751405E+01
     ITER =   12     OBJ =  0.48750881E+01
     ITER =   13     OBJ =  0.48750301E+01
     ITER =   14     OBJ =  0.48750230E+01
     ITER =   15     OBJ =  0.48750208E+01
     ITER =   16     OBJ =  0.48750195E+01
        NUMBER OF FUNC-CALLS:  NFUNC =  23
        NUMBER OF GRAD-CALLS:  NGRAD =  17
